136 5
k mu power error
2.33987e-02 1.16382e-01 5.62243e+04 2.73154e+03
2.79938e-02 1.08129e-01 5.33368e+04 2.27384e+03
3.27822e-02 9.24252e-02 5.16751e+04 2.01380e+03
3.76295e-02 8.05547e-02 3.91863e+04 1.43351e+03
4.22281e-02 6.84873e-02 3.48716e+04 1.30021e+03
4.72711e-02 1.14615e-01 3.21596e+04 7.96153e+02
5.21643e-02 1.01807e-01 3.05428e+04 7.71273e+02
5.73090e-02 9.39687e-02 2.92749e+04 6.40447e+02
6.25380e-02 8.81175e-02 2.61459e+04 5.91838e+02
6.78462e-02 9.76960e-02 2.45263e+04 4.76794e+02
7.27386e-02 1.09450e-01 2.27511e+04 4.07369e+02
7.76307e-02 9.98948e-02 2.07595e+04 3.63751e+02
8.25950e-02 9.50822e-02 2.00566e+04 3.39502e+02
8.75163e-02 8.89409e-02 1.77192e+04 2.98014e+02
9.25935e-02 1.06590e-01 1.59892e+04 2.34564e+02
9.74570e-02 1.04431e-01 1.47262e+04 2.12923e+02
1.02433e-01 9.73385e-02 1.38653e+04 1.92028e+02
1.07409e-01 9.36720e-02 1.33922e+04 1.87217e+02
1.12489e-01 9.43577e-02 1.22228e+04 1.60076e+02
1.17517e-01 1.04949e-01 1.21726e+04 1.45625e+02
1.22496e-01 1.02926e-01 1.17211e+04 1.40819e+02
1.27507e-01 9.66560e-02 1.11888e+04 1.29900e+02
1.32553e-01 9.60066e-02 1.06625e+04 1.24060e+02
1.37667e-01 1.02357e-01 1.01242e+04 1.08999e+02
1.42574e-01 1.03653e-01 9.60697e+03 1.01876e+02
1.47516e-01 1.00228e-01 8.96646e+03 9.41327e+01
1.52449e-01 9.47914e-02 8.54157e+03 9.02905e+01
1.57434e-01 9.36218e-02 8.03103e+03 8.23091e+01
1.62484e-01 1.05273e-01 7.57319e+03 7.26834e+01
1.67527e-01 1.00596e-01 7.38928e+03 7.02919e+01
1.72554e-01 9.84218e-02 7.13454e+03 6.78239e+01
1.77556e-01 9.67073e-02 6.92874e+03 6.53287e+01
1.82651e-01 1.00436e-01 6.66079e+03 6.00639e+01
1.87529e-01 1.03417e-01 6.45587e+03 5.75381e+01
1.92521e-01 1.00436e-01 6.31698e+03 5.44064e+01
1.97521e-01 9.90615e-02 6.07035e+03 5.36678e+01
2.02495e-01 9.48973e-02 5.93650e+03 5.07977e+01
2.07521e-01 1.03039e-01 5.69224e+03 4.68707e+01
2.12516e-01 1.00963e-01 5.40930e+03 4.40460e+01
2.17564e-01 9.90273e-02 5.20064e+03 4.27808e+01
2.22572e-01 9.68026e-02 5.05402e+03 4.12062e+01
2.27639e-01 1.00694e-01 4.92094e+03 3.93292e+01
2.32503e-01 1.03485e-01 4.83550e+03 3.77812e+01
2.37498e-01 9.98168e-02 4.64437e+03 3.57109e+01
2.42515e-01 9.89110e-02 4.59488e+03 3.56819e+01
2.47475e-01 9.65542e-02 4.47481e+03 3.43937e+01
2.52462e-01 1.02693e-01 4.32345e+03 3.23322e+01
2.57430e-01 1.00698e-01 4.16995e+03 3.05563e+01
2.62504e-01 1.00030e-01 4.07626e+03 2.99609e+01
2.67530e-01 9.74853e-02 3.99642e+03 2.93424e+01
2.72567e-01 9.93660e-02 3.87693e+03 2.83650e+01
2.77501e-01 1.02282e-01 3.81513e+03 2.67760e+01
2.82544e-01 1.00907e-01 3.69088e+03 2.61004e+01
2.87523e-01 9.80001e-02 3.64174e+03 2.58981e+01
2.92500e-01 9.81137e-02 3.54796e+03 2.50362e+01
2.97542e-01 1.01221e-01 3.47129e+03 2.38492e+01
3.02475e-01 1.01959e-01 3.41152e+03 2.33104e+01
3.07479e-01 9.89376e-02 3.30275e+03 2.25106e+01
3.12489e-01 9.84743e-02 3.26607e+03 2.22248e+01
3.17546e-01 9.78943e-02 3.16556e+03 2.14271e+01
3.22507e-01 1.02636e-01 3.17983e+03 2.08053e+01
3.27541e-01 1.00751e-01 3.05135e+03 2.00532e+01
3.32537e-01 9.95430e-02 3.02734e+03 2.00693e+01
3.37506e-01 9.78877e-02 2.92964e+03 1.94087e+01
3.42557e-01 1.01087e-01 2.89714e+03 1.86833e+01
3.47507e-01 1.01950e-01 2.85977e+03 1.83342e+01
3.52496e-01 9.98966e-02 2.76971e+03 1.78470e+01
3.57462e-01 9.87688e-02 2.75947e+03 1.77513e+01
3.62535e-01 9.74723e-02 2.69972e+03 1.70165e+01
3.67518e-01 1.02423e-01 2.64911e+03 1.67034e+01
3.72495e-01 1.00294e-01 2.58449e+03 1.61195e+01
3.77504e-01 9.96895e-02 2.55468e+03 1.60428e+01
3.82531e-01 9.82439e-02 2.51509e+03 1.56378e+01
3.87590e-01 9.99892e-02 2.44953e+03 1.52513e+01
3.92543e-01 1.02193e-01 2.43463e+03 1.48301e+01
3.97547e-01 9.99731e-02 2.39252e+03 1.46746e+01
4.02490e-01 9.96198e-02 2.33569e+03 1.44951e+01
4.07472e-01 9.71209e-02 2.30712e+03 1.41556e+01
4.12479e-01 1.02118e-01 2.27634e+03 1.36057e+01
4.17517e-01 1.00043e-01 2.23276e+03 1.33656e+01
4.22510e-01 1.00081e-01 2.19411e+03 1.33005e+01
4.27514e-01 9.80391e-02 2.16064e+03 1.29886e+01
4.32560e-01 9.99296e-02 2.11459e+03 1.27175e+01
4.37522e-01 1.01681e-01 2.10205e+03 1.23911e+01
4.42506e-01 1.00396e-01 2.06589e+03 1.23097e+01
4.47479e-01 9.95864e-02 2.05481e+03 1.21343e+01
4.52489e-01 9.79454e-02 2.02814e+03 1.19986e+01
4.57484e-01 1.02266e-01 2.01715e+03 1.16351e+01
4.62508e-01 1.00049e-01 1.97623e+03 1.13708e+01
4.67506e-01 1.00330e-01 1.95567e+03 1.13915e+01
4.72495e-01 9.76342e-02 1.90535e+03 1.10998e+01
4.77555e-01 1.00213e-01 1.88038e+03 1.08627e+01
4.82534e-01 1.01407e-01 1.84655e+03 1.06252e+01
4.87538e-01 1.00326e-01 1.83128e+03 1.04986e+01
4.92528e-01 9.94766e-02 1.80018e+03 1.04253e+01
4.97511e-01 9.81210e-02 1.77955e+03 1.02868e+01
5.02513e-01 1.02116e-01 1.77090e+03 1.00267e+01
5.07490e-01 1.00598e-01 1.74507e+03 9.88463e+00
5.12483e-01 1.00015e-01 1.72919e+03 9.77638e+00
5.17502e-01 9.83948e-02 1.71912e+03 9.68558e+00
5.22527e-01 9.92687e-02 1.67388e+03 9.51512e+00
5.27535e-01 1.01232e-01 1.67318e+03 9.23419e+00
5.32556e-01 1.00207e-01 1.63600e+03 9.21303e+00
5.37529e-01 9.98437e-02 1.63323e+03 9.13938e+00
5.42530e-01 9.84139e-02 1.60251e+03 9.00845e+00
5.47518e-01 1.01396e-01 1.59878e+03 8.88951e+00
5.52492e-01 1.00561e-01 1.56451e+03 8.62508e+00
5.57479e-01 1.00892e-01 1.54747e+03 8.65347e+00
5.62478e-01 9.78606e-02 1.54294e+03 8.48678e+00
5.67498e-01 9.96344e-02 1.52660e+03 8.48057e+00
5.72498e-01 1.00504e-01 1.50720e+03 8.16389e+00
5.77521e-01 1.00923e-01 1.48484e+03 8.15971e+00
5.82525e-01 9.93472e-02 1.48224e+03 8.07283e+00
5.87536e-01 9.90437e-02 1.46079e+03 8.03167e+00
5.92539e-01 1.00495e-01 1.44495e+03 7.87618e+00
5.97527e-01 1.00748e-01 1.42369e+03 7.69306e+00
6.02515e-01 1.00704e-01 1.40597e+03 7.70979e+00
6.07486e-01 9.88848e-02 1.40845e+03 7.62625e+00
6.12486e-01 9.92492e-02 1.38586e+03 7.55984e+00
6.17501e-01 1.00720e-01 1.37797e+03 7.32501e+00
6.22510e-01 1.00548e-01 1.34740e+03 7.31357e+00
6.27514e-01 9.91016e-02 1.33899e+03 7.19280e+00
6.32535e-01 9.93247e-02 1.33615e+03 7.21543e+00
6.37544e-01 1.00000e-01 1.31449e+03 7.06108e+00
6.42510e-01 1.01058e-01 1.30253e+03 6.97455e+00
6.47481e-01 1.00365e-01 1.29201e+03 6.92570e+00
6.52483e-01 9.94619e-02 1.27441e+03 6.82906e+00
6.57486e-01 9.91912e-02 1.27409e+03 6.83810e+00
6.62493e-01 1.00646e-01 1.24606e+03 6.60970e+00
6.67515e-01 1.00794e-01 1.23068e+03 6.56588e+00
6.72519e-01 9.92133e-02 1.23429e+03 6.55388e+00
6.77516e-01 9.92621e-02 1.21842e+03 6.51349e+00
6.82536e-01 9.98403e-02 1.20216e+03 6.38692e+00
6.87526e-01 1.01159e-01 1.19481e+03 6.30800e+00
6.92512e-01 1.00088e-01 1.17569e+03 6.26561e+00
6.97514e-01 9.97168e-02 1.16527e+03 6.19506e+00
2.35945e-02 3.25844e-01 6.81086e+04 4.21135e+03
2.78582e-02 3.27432e-01 5.58303e+04 3.25298e+03
3.30687e-02 3.05106e-01 4.97263e+04 1.94117e+03
3.79251e-02 3.02643e-01 4.01659e+04 1.24863e+03
4.26605e-02 2.65047e-01 3.70933e+04 1.15841e+03
4.76095e-02 3.34817e-01 3.59436e+04 1.00941e+03
5.25219e-02 3.01276e-01 3.08550e+04 8.51968e+02
5.78174e-02 3.02456e-01 2.86028e+04 6.42847e+02
6.25856e-02 2.90017e-01 2.92692e+04 6.02067e+02
6.74636e-02 2.96676e-01 2.67487e+04 5.35042e+02
7.24929e-02 3.14699e-01 2.49605e+04 4.68557e+02
7.75859e-02 2.90096e-01 2.17444e+04 4.06293e+02
8.23943e-02 3.08289e-01 2.02265e+04 3.22019e+02
8.75332e-02 2.84455e-01 1.85646e+04 2.78635e+02
9.26467e-02 3.12102e-01 1.72249e+04 2.62665e+02
9.75814e-02 3.03066e-01 1.60006e+04 2.40270e+02
1.02752e-01 2.99463e-01 1.45455e+04 2.02069e+02
1.07570e-01 2.95074e-01 1.37638e+04 1.81187e+02
1.12481e-01 2.92444e-01 1.31574e+04 1.68517e+02
1.17580e-01 3.11352e-01 1.25532e+04 1.54818e+02
1.22563e-01 2.97532e-01 1.22577e+04 1.55481e+02
1.27527e-01 3.01645e-01 1.15282e+04 1.28514e+02
1.32511e-01 2.93577e-01 1.11240e+04 1.23928e+02
1.37483e-01 3.04889e-01 1.06634e+04 1.16585e+02
1.42518e-01 3.00839e-01 9.96663e+03 1.07459e+02
1.47648e-01 3.02018e-01 9.20463e+03 9.67826e+01
1.52544e-01 2.97164e-01 8.70866e+03 8.67560e+01
1.57538e-01 2.91242e-01 8.30022e+03 8.28454e+01
1.62499e-01 3.09341e-01 7.96166e+03 7.87080e+01
1.67523e-01 2.97895e-01 7.74166e+03 7.53831e+01
1.72605e-01 3.02028e-01 7.30622e+03 6.72880e+01
1.77512e-01 2.94073e-01 7.01930e+03 6.46673e+01
1.82493e-01 3.03803e-01 6.81238e+03 6.11274e+01
1.87501e-01 3.02361e-01 6.67010e+03 6.00726e+01
1.92579e-01 2.99829e-01 6.46461e+03 5.63145e+01
1.97536e-01 3.00537e-01 6.14311e+03 5.19459e+01
2.02526e-01 2.92087e-01 5.92118e+03 4.98517e+01
2.07519e-01 3.06065e-01 5.72436e+03 4.84220e+01
2.12520e-01 3.00040e-01 5.53276e+03 4.60675e+01
2.17600e-01 3.01335e-01 5.28598e+03 4.26669e+01
2.22553e-01 2.95845e-01 5.10800e+03 4.06249e+01
2.27543e-01 3.00646e-01 4.96728e+03 3.96489e+01
2.32490e-01 3.03956e-01 4.80840e+03 3.84974e+01
2.37514e-01 2.98397e-01 4.62796e+03 3.62936e+01
2.42536e-01 3.00193e-01 4.48643e+03 3.39488e+01
2.47556e-01 2.94886e-01 4.43140e+03 3.34141e+01
2.52528e-01 3.04364e-01 4.28632e+03 3.26373e+01
2.57491e-01 3.00909e-01 4.16443e+03 3.14968e+01
2.62560e-01 3.01013e-01 4.02287e+03 2.95591e+01
2.67507e-01 2.97547e-01 3.95385e+03 2.87505e+01
2.72463e-01 2.99391e-01 3.81991e+03 2.78309e+01
2.77457e-01 3.04010e-01 3.74640e+03 2.70963e+01
2.82516e-01 2.98548e-01 3.57286e+03 2.59411e+01
2.87490e-01 2.99728e-01 3.46645e+03 2.47398e+01
2.92462e-01 2.96478e-01 3.47740e+03 2.42001e+01
2.97530e-01 3.02905e-01 3.33718e+03 2.33870e+01
3.02519e-01 3.00666e-01 3.26410e+03 2.32442e+01
3.07542e-01 3.00265e-01 3.14395e+03 2.18484e+01
3.12521e-01 2.98738e-01 3.09265e+03 2.11571e+01
3.17501e-01 2.97585e-01 3.03270e+03 2.09119e+01
3.22476e-01 3.03619e-01 2.94617e+03 2.03095e+01
3.27510e-01 2.99338e-01 2.85026e+03 1.96399e+01
3.32504e-01 3.01111e-01 2.81204e+03 1.89544e+01
3.37471e-01 2.96225e-01 2.75448e+03 1.84486e+01
3.42514e-01 3.01488e-01 2.69523e+03 1.80068e+01
3.47538e-01 3.01809e-01 2.64546e+03 1.78431e+01
3.52539e-01 2.99462e-01 2.57063e+03 1.72635e+01
3.57496e-01 2.99593e-01 2.54345e+03 1.66117e+01
3.62528e-01 2.97818e-01 2.46473e+03 1.62080e+01
3.67503e-01 3.03104e-01 2.38731e+03 1.60534e+01
3.72476e-01 2.99639e-01 2.34051e+03 1.55915e+01
3.77513e-01 3.00792e-01 2.31158e+03 1.50238e+01
3.82527e-01 2.97595e-01 2.27879e+03 1.47011e+01
3.87537e-01 2.99949e-01 2.22336e+03 1.45430e+01
3.92541e-01 3.02346e-01 2.15396e+03 1.41446e+01
3.97568e-01 2.99353e-01 2.13722e+03 1.39909e+01
4.02491e-01 2.99412e-01 2.07198e+03 1.34438e+01
4.07460e-01 2.96958e-01 2.05291e+03 1.32597e+01
4.12476e-01 3.03575e-01 1.99228e+03 1.29336e+01
4.17497e-01 2.99341e-01 1.96455e+03 1.27994e+01
4.22513e-01 3.01066e-01 1.93349e+03 1.24256e+01
4.27490e-01 2.98155e-01 1.88163e+03 1.20477e+01
4.32514e-01 2.99565e-01 1.86880e+03 1.19669e+01
4.37523e-01 3.02311e-01 1.82964e+03 1.17921e+01
4.42529e-01 2.99488e-01 1.79472e+03 1.16369e+01
4.47492e-01 2.99963e-01 1.72461e+03 1.10781e+01
4.52484e-01 2.96898e-01 1.73450e+03 1.10935e+01
4.57485e-01 3.03273e-01 1.67847e+03 1.08248e+01
4.62504e-01 2.99918e-01 1.65710e+03 1.07123e+01
4.67518e-01 3.00715e-01 1.59904e+03 1.03819e+01
4.72477e-01 2.98688e-01 1.59963e+03 1.02095e+01
4.77506e-01 2.99248e-01 1.57078e+03 1.00395e+01
4.82523e-01 3.02149e-01 1.54119e+03 9.98476e+00
4.87527e-01 2.99267e-01 1.51322e+03 9.79838e+00
4.92526e-01 3.00226e-01 1.46602e+03 9.45542e+00
4.97516e-01 2.97506e-01 1.45277e+03 9.36682e+00
5.02520e-01 3.01880e-01 1.42621e+03 9.25036e+00
5.07517e-01 3.00913e-01 1.40387e+03 9.16415e+00
5.12541e-01 2.99889e-01 1.37019e+03 8.90351e+00
5.17507e-01 2.99093e-01 1.35782e+03 8.77952e+00
5.22503e-01 2.98771e-01 1.32873e+03 8.63039e+00
5.27527e-01 3.01995e-01 1.29229e+03 8.50339e+00
5.32531e-01 2.99160e-01 1.28455e+03 8.46612e+00
5.37513e-01 3.01036e-01 1.25979e+03 8.21252e+00
5.42499e-01 2.97996e-01 1.24536e+03 8.11409e+00
5.47488e-01 3.01267e-01 1.21381e+03 8.02280e+00
5.52503e-01 3.01044e-01 1.20609e+03 7.92213e+00
5.57538e-01 2.99889e-01 1.18630e+03 7.82051e+00
5.62509e-01 2.99209e-01 1.16542e+03 7.62615e+00
5.67507e-01 2.98474e-01 1.14523e+03 7.57824e+00
5.72510e-01 3.02008e-01 1.11016e+03 7.43261e+00
5.77512e-01 2.99256e-01 1.10614e+03 7.42947e+00
5.82505e-01 3.01011e-01 1.08379e+03 7.21263e+00
5.87495e-01 2.98472e-01 1.06758e+03 7.12024e+00
5.92493e-01 3.00277e-01 1.05537e+03 7.08146e+00
5.97513e-01 3.01315e-01 1.02788e+03 6.94728e+00
6.02547e-01 2.99793e-01 1.01629e+03 6.90381e+00
6.07505e-01 2.99537e-01 9.94288e+02 6.74098e+00
6.12496e-01 2.97870e-01 9.88698e+02 6.68990e+00
6.17513e-01 3.02378e-01 9.54489e+02 6.57040e+00
6.22520e-01 2.99841e-01 9.51197e+02 6.57888e+00
6.27519e-01 3.00078e-01 9.38809e+02 6.41894e+00
6.32521e-01 2.99016e-01 9.22364e+02 6.31798e+00
6.37526e-01 2.99928e-01 8.89459e+02 6.26395e+00
6.42487e-01 3.01350e-01 8.93474e+02 6.26657e+00
6.47486e-01 2.99739e-01 8.77215e+02 6.13904e+00
6.52487e-01 3.00069e-01 8.67797e+02 6.02367e+00
6.57489e-01 2.97857e-01 8.61343e+02 5.99413e+00
6.62501e-01 3.01995e-01 8.34091e+02 5.90433e+00
6.67525e-01 3.00204e-01 8.23531e+02 5.86720e+00
6.72539e-01 3.00099e-01 8.04901e+02 5.77283e+00
6.77512e-01 2.99156e-01 7.91188e+02 5.67507e+00
6.82506e-01 2.99687e-01 7.88036e+02 5.66976e+00
6.87502e-01 3.01203e-01 7.62995e+02 5.58284e+00
6.92508e-01 2.99457e-01 7.51692e+02 5.54284e+00
6.97502e-01 3.00530e-01 7.46852e+02 5.41498e+00
2.24958e-02 5.02600e-01 7.16357e+04 3.37746e+03
2.78517e-02 4.91451e-01 6.05751e+04 3.14679e+03
3.23994e-02 5.01789e-01 5.58572e+04 2.00871e+03
3.82416e-02 5.19116e-01 4.80748e+04 1.70019e+03
4.25302e-02 4.80318e-01 4.29200e+04 1.32949e+03
4.71311e-02 5.23246e-01 3.90916e+04 1.09237e+03
5.24102e-02 4.91044e-01 3.59401e+04 8.92894e+02
5.71039e-02 4.93788e-01 3.38534e+04 7.58422e+02
6.25170e-02 5.09901e-01 3.31027e+04 6.90207e+02
6.75224e-02 4.97256e-01 2.88007e+04 5.37586e+02
7.25987e-02 5.01962e-01 2.68333e+04 5.16083e+02
7.76079e-02 5.00193e-01 2.56596e+04 4.14946e+02
8.27393e-02 5.06659e-01 2.25932e+04 3.94557e+02
8.75775e-02 4.92878e-01 2.03288e+04 3.05392e+02
9.25541e-02 5.11399e-01 1.84029e+04 2.81517e+02
9.76059e-02 4.94810e-01 1.69870e+04 2.43374e+02
1.02372e-01 4.96964e-01 1.57273e+04 2.14365e+02
1.07544e-01 5.04041e-01 1.48430e+04 1.97862e+02
1.12462e-01 4.95677e-01 1.42389e+04 1.76954e+02
1.17529e-01 5.04722e-01 1.37842e+04 1.71717e+02
1.22584e-01 4.95490e-01 1.33974e+04 1.54226e+02
1.27469e-01 5.04225e-01 1.26080e+04 1.48505e+02
1.32479e-01 4.96759e-01 1.18890e+04 1.28590e+02
1.37494e-01 5.03771e-01 1.12380e+04 1.20765e+02
1.42622e-01 4.98799e-01 1.08363e+04 1.13498e+02
1.47419e-01 4.98744e-01 9.89434e+03 1.02843e+02
1.52563e-01 5.03120e-01 9.50822e+03 9.51503e+01
1.57504e-01 4.95875e-01 8.86492e+03 8.66083e+01
1.62451e-01 5.04833e-01 8.45826e+03 8.25906e+01
1.67611e-01 4.96141e-01 8.06689e+03 7.38828e+01
1.72502e-01 5.01024e-01 7.74441e+03 7.49048e+01
1.77473e-01 5.00091e-01 7.52414e+03 6.69492e+01
1.82529e-01 5.01878e-01 7.34668e+03 6.49188e+01
1.87572e-01 4.98326e-01 6.91248e+03 6.15218e+01
1.92458e-01 5.00977e-01 6.75969e+03 5.75910e+01
1.97571e-01 5.01390e-01 6.51723e+03 5.54877e+01
2.02548e-01 4.93841e-01 6.15298e+03 5.05913e+01
2.07515e-01 5.06582e-01 5.92627e+03 4.94894e+01
2.12596e-01 4.97482e-01 5.72630e+03 4.57842e+01
2.17504e-01 5.00266e-01 5.44394e+03 4.48815e+01
2.22546e-01 5.00671e-01 5.29381e+03 4.17593e+01
2.27507e-01 5.00561e-01 5.05869e+03 4.01906e+01
2.32472e-01 4.98215e-01 4.97208e+03 3.92183e+01
2.37469e-01 5.00188e-01 4.78924e+03 3.61131e+01
2.42571e-01 5.00906e-01 4.55117e+03 3.52909e+01
2.47520e-01 4.96644e-01 4.45575e+03 3.34853e+01
2.52492e-01 5.03271e-01 4.27217e+03 3.25208e+01
2.57495e-01 4.98243e-01 4.13797e+03 3.09255e+01
2.62437e-01 5.00408e-01 4.07270e+03 2.99963e+01
2.67543e-01 5.00870e-01 3.88685e+03 2.85046e+01
2.72467e-01 5.01105e-01 3.78127e+03 2.78840e+01
2.77475e-01 4.99593e-01 3.65454e+03 2.64913e+01
2.82557e-01 4.99348e-01 3.54768e+03 2.51938e+01
2.87572e-01 5.01646e-01 3.45504e+03 2.52149e+01
2.92505e-01 4.98233e-01 3.35197e+03 2.37785e+01
2.97511e-01 5.01200e-01 3.28039e+03 2.32639e+01
3.02528e-01 4.98963e-01 3.18755e+03 2.25909e+01
3.07435e-01 4.99667e-01 3.09228e+03 2.17118e+01
3.12547e-01 5.00697e-01 2.96269e+03 2.07468e+01
3.17515e-01 4.98996e-01 2.90627e+03 2.03850e+01
3.22506e-01 5.01020e-01 2.83349e+03 1.97457e+01
3.27578e-01 4.98629e-01 2.70438e+03 1.87317e+01
3.32557e-01 5.01367e-01 2.62489e+03 1.86899e+01
3.37494e-01 4.99666e-01 2.56949e+03 1.78139e+01
3.42512e-01 5.00508e-01 2.54660e+03 1.74686e+01
3.47559e-01 4.99225e-01 2.46427e+03 1.70891e+01
3.52470e-01 4.99696e-01 2.40382e+03 1.65822e+01
3.57521e-01 5.00715e-01 2.32987e+03 1.61268e+01
3.62517e-01 4.98362e-01 2.21728e+03 1.53354e+01
3.67505e-01 5.02381e-01 2.16056e+03 1.52623e+01
3.72531e-01 4.98310e-01 2.13291e+03 1.46103e+01
3.77526e-01 5.00642e-01 2.05560e+03 1.44633e+01
3.82545e-01 5.00154e-01 2.00923e+03 1.39001e+01
3.87543e-01 5.00795e-01 1.98757e+03 1.37452e+01
3.92558e-01 4.99574e-01 1.91706e+03 1.34182e+01
3.97507e-01 4.99237e-01 1.86393e+03 1.29566e+01
4.02536e-01 5.01307e-01 1.83142e+03 1.28690e+01
4.07492e-01 4.96995e-01 1.77748e+03 1.23721e+01
4.12491e-01 5.03048e-01 1.71025e+03 1.21171e+01
4.17533e-01 4.99469e-01 1.69432e+03 1.18391e+01
4.22481e-01 5.00023e-01 1.65122e+03 1.17273e+01
4.27519e-01 5.00551e-01 1.61023e+03 1.12988e+01
4.32523e-01 5.00644e-01 1.58102e+03 1.11652e+01
4.37532e-01 4.99283e-01 1.52708e+03 1.09355e+01
4.42498e-01 4.99827e-01 1.50293e+03 1.06588e+01
4.47516e-01 5.01101e-01 1.45807e+03 1.05287e+01
4.52481e-01 4.97860e-01 1.42131e+03 1.02003e+01
4.57481e-01 5.01852e-01 1.37936e+03 1.00536e+01
4.62524e-01 4.99125e-01 1.35112e+03 9.77905e+00
4.67460e-01 5.00699e-01 1.32237e+03 9.75216e+00
4.72501e-01 5.00316e-01 1.27818e+03 9.35968e+00
4.77534e-01 4.99803e-01 1.26310e+03 9.24657e+00
4.82537e-01 5.00345e-01 1.22782e+03 9.18409e+00
4.87534e-01 4.99162e-01 1.20690e+03 8.87280e+00
4.92557e-01 5.01019e-01 1.16131e+03 8.84181e+00
4.97508e-01 4.98770e-01 1.13972e+03 8.60308e+00
5.02509e-01 5.01238e-01 1.10429e+03 8.45596e+00
5.07531e-01 4.98790e-01 1.08641e+03 8.33234e+00
5.12473e-01 5.00203e-01 1.07540e+03 8.23578e+00
5.17511e-01 5.00645e-01 1.03787e+03 8.03668e+00
5.22506e-01 4.99505e-01 1.03141e+03 7.92624e+00
5.27532e-01 5.00558e-01 9.94067e+02 7.79401e+00
5.32559e-01 4.99430e-01 9.74793e+02 7.62753e+00
5.37555e-01 5.00703e-01 9.50332e+02 7.61391e+00
5.42528e-01 4.99600e-01 9.28228e+02 7.40426e+00
5.47496e-01 5.00915e-01 9.09473e+02 7.37776e+00
5.52501e-01 4.99269e-01 8.83764e+02 7.17725e+00
5.57464e-01 4.99887e-01 8.67043e+02 7.11801e+00
5.62503e-01 5.00756e-01 8.39552e+02 6.95203e+00
5.67489e-01 4.98734e-01 8.29029e+02 6.89348e+00
5.72507e-01 5.00951e-01 8.04555e+02 6.75655e+00
5.77549e-01 4.99670e-01 7.86853e+02 6.65836e+00
5.82524e-01 4.99957e-01 7.67198e+02 6.61856e+00
5.87517e-01 4.99956e-01 7.68482e+02 6.51877e+00
5.92496e-01 5.00716e-01 7.42780e+02 6.42961e+00
5.97522e-01 4.99415e-01 7.24781e+02 6.31211e+00
6.02495e-01 4.99917e-01 6.97469e+02 6.22970e+00
6.07518e-01 5.00315e-01 6.84268e+02 6.14795e+00
6.12494e-01 4.98797e-01 6.74066e+02 6.06730e+00
6.17499e-01 5.01384e-01 6.54473e+02 5.98570e+00
6.22522e-01 4.99540e-01 6.56819e+02 5.93449e+00
6.27500e-01 5.00066e-01 6.30309e+02 5.84719e+00
6.32529e-01 5.00214e-01 6.08067e+02 5.74044e+00
6.37525e-01 5.00008e-01 5.92799e+02 5.67245e+00
6.42496e-01 4.99999e-01 5.75690e+02 5.66009e+00
6.47469e-01 4.99763e-01 5.73771e+02 5.50895e+00
6.52526e-01 5.00419e-01 5.62155e+02 5.50307e+00
6.57502e-01 4.98690e-01 5.38136e+02 5.40222e+00
6.62499e-01 5.01127e-01 5.28123e+02 5.34546e+00
6.67531e-01 4.99800e-01 5.19222e+02 5.27508e+00
6.72499e-01 4.99731e-01 5.03078e+02 5.23079e+00
6.77516e-01 5.00749e-01 4.89501e+02 5.15197e+00
6.82515e-01 4.99502e-01 4.78680e+02 5.08251e+00
6.87521e-01 5.00121e-01 4.75677e+02 5.07811e+00
6.92504e-01 4.99789e-01 4.61395e+02 4.98245e+00
6.97530e-01 5.00555e-01 4.50649e+02 4.94318e+00
2.30302e-02 7.22283e-01 8.30596e+04 5.51386e+03
2.82500e-02 6.87598e-01 6.93293e+04 2.92674e+03
3.28279e-02 6.94775e-01 6.09839e+04 2.89128e+03
3.73296e-02 6.96501e-01 5.54236e+04 1.86498e+03
4.25452e-02 6.96598e-01 4.78800e+04 1.50123e+03
4.74022e-02 7.16588e-01 4.49876e+04 1.26544e+03
5.23376e-02 6.93763e-01 4.14701e+04 1.02181e+03
5.76735e-02 6.97882e-01 3.85303e+04 8.21112e+02
6.27766e-02 7.03883e-01 3.62637e+04 8.01898e+02
6.74522e-02 7.02066e-01 3.45468e+04 6.78374e+02
7.28174e-02 6.97080e-01 3.09447e+04 5.40287e+02
7.75471e-02 7.02066e-01 2.92399e+04 5.35682e+02
8.23468e-02 7.00577e-01 2.62664e+04 4.22085e+02
8.75428e-02 6.98842e-01 2.34888e+04 3.59856e+02
9.25241e-02 7.06890e-01 2.09346e+04 3.08015e+02
9.75100e-02 7.00011e-01 1.94375e+04 2.75070e+02
1.02601e-01 6.99199e-01 1.75730e+04 2.34273e+02
1.07544e-01 7.00780e-01 1.66847e+04 2.23217e+02
1.12432e-01 6.97479e-01 1.60219e+04 1.98688e+02
1.17608e-01 6.99889e-01 1.53138e+04 1.83080e+02
1.22414e-01 6.98965e-01 1.48749e+04 1.75911e+02
1.27508e-01 6.99806e-01 1.40512e+04 1.54254e+02
1.32557e-01 7.01614e-01 1.35829e+04 1.51468e+02
1.37506e-01 7.02764e-01 1.26662e+04 1.31999e+02
1.42600e-01 6.98202e-01 1.19065e+04 1.21983e+02
1.47637e-01 7.00135e-01 1.11901e+04 1.12456e+02
1.52522e-01 7.00572e-01 1.04111e+04 1.04984e+02
1.57499e-01 6.98766e-01 9.86450e+03 9.40964e+01
1.62510e-01 7.00265e-01 9.34367e+03 8.99812e+01
1.67374e-01 7.00671e-01 9.02852e+03 8.27139e+01
1.72582e-01 6.97412e-01 8.61440e+03 7.62461e+01
1.77628e-01 7.01630e-01 8.24272e+03 7.38782e+01
1.82569e-01 7.03246e-01 8.09870e+03 7.01364e+01
1.87545e-01 6.97437e-01 7.60423e+03 6.55367e+01
1.92572e-01 7.00693e-01 7.30248e+03 6.06806e+01
1.97510e-01 7.00120e-01 7.00439e+03 5.95652e+01
2.02507e-01 6.98272e-01 6.77155e+03 5.44596e+01
2.07552e-01 7.01845e-01 6.42773e+03 5.27101e+01
2.12480e-01 7.00142e-01 6.21037e+03 4.89981e+01
2.17630e-01 6.98785e-01 5.93801e+03 4.63628e+01
2.22595e-01 7.00173e-01 5.68013e+03 4.47825e+01
2.27551e-01 7.00597e-01 5.50069e+03 4.22148e+01
2.32523e-01 6.98458e-01 5.17602e+03 4.01486e+01
2.37478e-01 7.01098e-01 5.10720e+03 3.83504e+01
2.42465e-01 6.99082e-01 4.92903e+03 3.70085e+01
2.47542e-01 6.99162e-01 4.69546e+03 3.44968e+01
2.52504e-01 7.02159e-01 4.56195e+03 3.42559e+01
2.57447e-01 6.99450e-01 4.40968e+03 3.18457e+01
2.62581e-01 6.99636e-01 4.23441e+03 3.05124e+01
2.67549e-01 7.00738e-01 4.08064e+03 2.98650e+01
2.72485e-01 6.99955e-01 3.94138e+03 2.84124e+01
2.77522e-01 6.99085e-01 3.79042e+03 2.70061e+01
2.82525e-01 7.01213e-01 3.66931e+03 2.61833e+01
2.87459e-01 6.99162e-01 3.56405e+03 2.55438e+01
2.92475e-01 7.00237e-01 3.43290e+03 2.40405e+01
2.97509e-01 7.00902e-01 3.34114e+03 2.35064e+01
3.02493e-01 6.99989e-01 3.16603e+03 2.23702e+01
3.07552e-01 6.99722e-01 3.13078e+03 2.17961e+01
3.12516e-01 6.99616e-01 3.00310e+03 2.11894e+01
3.17512e-01 6.99758e-01 2.90730e+03 2.02739e+01
3.22493e-01 6.99467e-01 2.81824e+03 1.98607e+01
3.27462e-01 7.00063e-01 2.69743e+03 1.87780e+01
3.32481e-01 6.99525e-01 2.61397e+03 1.84478e+01
3.37490e-01 7.00635e-01 2.56190e+03 1.78190e+01
3.42520e-01 7.00980e-01 2.49355e+03 1.73281e+01
3.47547e-01 6.99068e-01 2.40126e+03 1.67198e+01
3.52568e-01 7.00602e-01 2.35242e+03 1.64553e+01
3.57503e-01 7.00001e-01 2.24226e+03 1.57995e+01
3.62558e-01 6.99508e-01 2.19279e+03 1.52397e+01
3.67524e-01 7.00238e-01 2.13780e+03 1.52622e+01
3.72447e-01 7.00306e-01 2.10485e+03 1.45840e+01
3.77497e-01 6.99375e-01 2.00105e+03 1.41487e+01
3.82542e-01 7.00388e-01 1.92672e+03 1.36598e+01
3.87557e-01 7.00703e-01 1.91325e+03 1.35701e+01
3.92563e-01 6.99413e-01 1.85830e+03 1.31132e+01
3.97570e-01 7.00078e-01 1.76657e+03 1.28231e+01
4.02472e-01 6.99962e-01 1.71530e+03 1.25149e+01
4.07481e-01 6.99196e-01 1.68432e+03 1.21240e+01
4.12489e-01 7.00752e-01 1.64342e+03 1.19266e+01
4.17496e-01 7.00597e-01 1.59503e+03 1.15749e+01
4.22499e-01 6.99335e-01 1.56508e+03 1.14617e+01
4.27512e-01 7.00814e-01 1.50059e+03 1.09851e+01
4.32521e-01 7.00529e-01 1.44739e+03 1.08425e+01
4.37540e-01 6.99124e-01 1.40726e+03 1.04749e+01
4.42527e-01 7.00811e-01 1.37586e+03 1.04705e+01
4.47446e-01 6.99173e-01 1.32732e+03 1.00933e+01
4.52500e-01 6.99808e-01 1.30432e+03 9.88768e+00
4.57495e-01 7.01032e-01 1.28029e+03 9.78588e+00
4.62507e-01 6.99833e-01 1.23525e+03 9.47248e+00
4.67505e-01 6.99918e-01 1.20191e+03 9.41345e+00
4.72486e-01 7.00565e-01 1.16115e+03 9.10457e+00
4.77513e-01 7.00205e-01 1.12185e+03 8.92109e+00
4.82554e-01 6.99269e-01 1.10097e+03 8.75681e+00
4.87537e-01 7.00503e-01 1.05161e+03 8.63417e+00
4.92484e-01 6.99768e-01 1.03341e+03 8.46862e+00
4.97522e-01 6.99810e-01 1.00081e+03 8.23983e+00
5.02520e-01 7.00864e-01 9.70410e+02 8.14479e+00
5.07511e-01 6.99786e-01 9.56657e+02 8.01683e+00
5.12518e-01 6.99493e-01 9.25100e+02 7.85121e+00
5.17516e-01 7.00380e-01 9.05834e+02 7.74353e+00
5.22496e-01 6.99828e-01 8.79755e+02 7.62705e+00
5.27527e-01 6.99966e-01 8.60056e+02 7.43151e+00
5.32519e-01 6.99998e-01 8.30076e+02 7.39072e+00
5.37493e-01 7.00074e-01 8.10301e+02 7.21525e+00
5.42523e-01 7.00127e-01 7.79637e+02 7.10150e+00
5.47483e-01 7.00590e-01 7.66502e+02 7.02171e+00
5.52508e-01 6.99739e-01 7.34399e+02 6.81887e+00
5.57517e-01 7.00106e-01 7.31403e+02 6.83621e+00
5.62493e-01 7.00252e-01 7.06980e+02 6.66783e+00
5.67498e-01 6.99424e-01 6.77622e+02 6.57550e+00
5.72508e-01 6.99928e-01 6.68095e+02 6.46468e+00
5.77496e-01 7.00172e-01 6.46658e+02 6.40494e+00
5.82509e-01 6.99611e-01 6.30591e+02 6.25382e+00
5.87539e-01 7.00201e-01 6.03288e+02 6.20379e+00
5.92491e-01 7.00580e-01 6.03132e+02 6.15671e+00
5.97529e-01 6.99422e-01 5.76941e+02 5.97082e+00
6.02537e-01 7.00365e-01 5.68241e+02 6.00294e+00
6.07491e-01 7.00033e-01 5.46548e+02 5.86846e+00
6.12500e-01 6.99156e-01 5.29705e+02 5.78055e+00
6.17514e-01 7.00743e-01 5.23274e+02 5.71266e+00
6.22505e-01 7.00005e-01 5.03079e+02 5.65185e+00
6.27527e-01 6.99676e-01 4.86338e+02 5.53035e+00
6.32553e-01 7.00284e-01 4.73495e+02 5.50582e+00
6.37512e-01 7.00195e-01 4.53905e+02 5.42777e+00
6.42518e-01 6.99510e-01 4.57064e+02 5.36682e+00
6.47484e-01 7.00275e-01 4.37587e+02 5.33012e+00
6.52474e-01 7.00020e-01 4.26407e+02 5.20814e+00
6.57490e-01 6.99356e-01 4.10335e+02 5.17738e+00
6.62494e-01 7.00852e-01 4.09285e+02 5.10881e+00
6.67522e-01 6.99850e-01 3.94947e+02 5.04644e+00
6.72548e-01 6.99591e-01 3.84012e+02 4.99304e+00
6.77528e-01 7.00834e-01 3.74008e+02 4.98144e+00
6.82498e-01 6.99723e-01 3.60239e+02 4.87363e+00
6.87541e-01 6.99586e-01 3.58540e+02 4.83229e+00
6.92500e-01 7.00327e-01 3.45056e+02 4.83034e+00
6.97485e-01 6.99572e-01 3.38984e+02 4.71892e+00
2.28411e-02 8.97924e-01 9.39116e+04 4.75455e+03
2.77692e-02 8.95368e-01 8.63991e+04 4.18418e+03
3.28804e-02 8.91237e-01 7.65677e+04 2.70723e+03
3.80791e-02 8.92936e-01 6.41294e+04 2.13487e+03
4.26880e-02 9.03484e-01 5.93170e+04 1.90342e+03
4.74235e-02 8.99948e-01 5.41246e+04 1.44408e+03
5.22870e-02 8.98336e-01 4.79795e+04 1.20682e+03
5.73996e-02 9.01329e-01 4.45674e+04 9.63961e+02
6.24666e-02 8.98938e-01 4.21433e+04 8.77876e+02
6.75201e-02 9.00738e-01 3.94194e+04 7.42063e+02
7.25941e-02 8.99434e-01 3.66388e+04 6.63973e+02
7.76882e-02 8.98941e-01 3.44911e+04 5.76233e+02
8.26261e-02 8.99008e-01 3.07895e+04 4.99192e+02
8.75990e-02 9.01238e-01 2.77294e+04 4.15284e+02
9.26501e-02 9.00903e-01 2.49512e+04 3.68610e+02
9.75036e-02 9.01591e-01 2.27450e+04 3.19618e+02
1.02506e-01 8.97332e-01 2.14306e+04 2.80774e+02
1.07467e-01 9.01717e-01 2.03273e+04 2.62858e+02
1.12453e-01 8.99117e-01 1.89636e+04 2.29281e+02
1.17564e-01 9.00088e-01 1.84736e+04 2.14776e+02
1.22598e-01 8.98733e-01 1.75711e+04 2.01240e+02
1.27505e-01 9.02838e-01 1.62610e+04 1.79106e+02
1.32512e-01 8.98839e-01 1.56872e+04 1.66075e+02
1.37523e-01 9.00645e-01 1.45307e+04 1.51386e+02
1.42517e-01 9.00221e-01 1.39566e+04 1.40282e+02
1.47498e-01 8.98320e-01 1.30015e+04 1.27975e+02
1.52488e-01 8.98211e-01 1.23818e+04 1.18111e+02
1.57461e-01 9.00893e-01 1.17761e+04 1.10223e+02
1.62526e-01 8.99873e-01 1.09593e+04 9.96981e+01
1.67613e-01 8.99999e-01 1.05319e+04 9.36077e+01
1.72583e-01 9.01475e-01 1.00546e+04 8.89310e+01
1.77524e-01 9.00892e-01 9.72000e+03 8.38257e+01
1.82519e-01 9.00350e-01 9.18926e+03 7.75713e+01
1.87527e-01 8.98789e-01 8.80990e+03 7.31974e+01
1.92516e-01 9.00648e-01 8.24000e+03 6.73015e+01
1.97527e-01 8.97691e-01 7.94068e+03 6.38748e+01
2.02560e-01 8.99465e-01 7.66707e+03 6.01216e+01
2.07562e-01 9.00993e-01 7.30429e+03 5.76263e+01
2.12546e-01 9.00642e-01 7.02434e+03 5.37480e+01
2.17549e-01 9.00044e-01 6.84285e+03 5.20304e+01
2.22549e-01 9.00727e-01 6.47643e+03 4.83479e+01
2.27536e-01 8.99845e-01 6.21277e+03 4.65446e+01
2.32489e-01 8.99812e-01 6.00000e+03 4.42562e+01
2.37507e-01 8.99322e-01 5.67569e+03 4.11560e+01
2.42555e-01 8.99210e-01 5.50173e+03 3.96663e+01
2.47544e-01 8.99354e-01 5.34036e+03 3.81404e+01
2.52517e-01 9.00165e-01 5.06098e+03 3.63446e+01
2.57465e-01 9.01530e-01 4.92320e+03 3.46739e+01
2.62484e-01 8.99511e-01 4.73881e+03 3.30268e+01
2.67502e-01 9.00592e-01 4.53739e+03 3.15483e+01
2.72472e-01 9.00039e-01 4.38103e+03 3.06036e+01
2.77477e-01 9.00091e-01 4.21515e+03 2.88347e+01
2.82543e-01 8.99207e-01 4.09510e+03 2.78826e+01
2.87542e-01 9.00048e-01 3.94322e+03 2.70059e+01
2.92513e-01 8.99607e-01 3.82677e+03 2.59146e+01
2.97531e-01 9.00256e-01 3.65397e+03 2.47268e+01
3.02494e-01 9.00430e-01 3.57079e+03 2.42541e+01
3.07465e-01 9.00026e-01 3.41794e+03 2.29539e+01
3.12500e-01 8.99338e-01 3.25799e+03 2.18960e+01
3.17507e-01 9.00491e-01 3.16159e+03 2.14101e+01
3.22513e-01 8.99769e-01 3.05632e+03 2.04850e+01
3.27568e-01 8.99449e-01 2.97907e+03 1.98826e+01
3.32547e-01 9.00534e-01 2.85571e+03 1.93643e+01
3.37503e-01 9.00021e-01 2.78533e+03 1.87101e+01
3.42515e-01 9.00337e-01 2.68739e+03 1.80051e+01
3.47516e-01 8.99453e-01 2.61806e+03 1.76106e+01
3.52489e-01 9.00383e-01 2.50377e+03 1.69702e+01
3.57475e-01 8.99311e-01 2.44569e+03 1.64842e+01
3.62518e-01 9.00724e-01 2.36699e+03 1.58574e+01
3.67526e-01 9.00116e-01 2.27896e+03 1.56043e+01
3.72516e-01 9.00199e-01 2.19839e+03 1.49558e+01
3.77519e-01 8.99964e-01 2.13531e+03 1.46050e+01
3.82535e-01 9.00110e-01 2.07094e+03 1.41243e+01
3.87535e-01 9.00180e-01 2.01406e+03 1.38923e+01
3.92530e-01 8.99656e-01 1.94719e+03 1.34173e+01
3.97539e-01 8.99603e-01 1.89491e+03 1.31203e+01
4.02506e-01 8.99411e-01 1.83626e+03 1.28470e+01
4.07491e-01 8.99717e-01 1.77830e+03 1.24202e+01
4.12516e-01 9.00474e-01 1.71568e+03 1.20985e+01
4.17518e-01 9.00711e-01 1.67061e+03 1.18280e+01
4.22507e-01 8.99527e-01 1.61406e+03 1.15434e+01
4.27508e-01 9.00351e-01 1.55965e+03 1.12256e+01
4.32509e-01 9.00299e-01 1.51895e+03 1.10066e+01
4.37515e-01 8.99680e-01 1.45968e+03 1.06882e+01
4.42506e-01 8.99596e-01 1.43143e+03 1.05417e+01
4.47504e-01 8.99784e-01 1.38381e+03 1.02337e+01
4.52502e-01 8.99776e-01 1.34862e+03 1.00627e+01
4.57495e-01 9.00551e-01 1.31835e+03 9.86896e+00
4.62511e-01 9.00125e-01 1.27233e+03 9.58847e+00
4.67499e-01 9.00642e-01 1.22038e+03 9.44347e+00
4.72483e-01 8.99530e-01 1.18656e+03 9.17978e+00
4.77513e-01 9.00471e-01 1.14982e+03 8.97712e+00
4.82523e-01 8.99815e-01 1.10732e+03 8.83500e+00
4.87532e-01 8.99669e-01 1.09737e+03 8.65381e+00
4.92548e-01 8.99586e-01 1.07113e+03 8.55288e+00
4.97521e-01 9.00615e-01 1.02609e+03 8.36819e+00
5.02507e-01 8.99868e-01 1.00897e+03 8.22409e+00
5.07502e-01 8.99605e-01 9.75697e+02 8.05860e+00
5.12500e-01 9.00445e-01 9.45983e+02 7.90450e+00
5.17501e-01 8.99746e-01 9.20685e+02 7.76631e+00
5.22509e-01 9.00038e-01 8.88952e+02 7.61398e+00
5.27544e-01 8.99848e-01 8.46322e+02 7.41385e+00
5.32565e-01 8.99968e-01 8.33240e+02 7.36005e+00
5.37543e-01 9.00088e-01 8.14204e+02 7.26467e+00
5.42522e-01 9.00160e-01 7.89835e+02 7.11492e+00
5.47497e-01 9.00364e-01 7.76786e+02 7.07320e+00
5.52490e-01 8.99885e-01 7.38985e+02 6.84544e+00
5.57492e-01 8.99754e-01 7.42866e+02 6.85401e+00
5.62491e-01 9.00116e-01 7.16543e+02 6.67507e+00
5.67497e-01 8.99950e-01 6.80490e+02 6.59020e+00
5.72520e-01 8.99600e-01 6.49526e+02 6.39699e+00
5.77538e-01 9.00426e-01 6.43250e+02 6.39695e+00
5.82519e-01 9.00278e-01 6.35501e+02 6.30430e+00
5.87513e-01 8.99821e-01 6.07293e+02 6.19308e+00
5.92502e-01 9.00186e-01 5.93410e+02 6.12530e+00
5.97510e-01 8.99901e-01 5.83912e+02 6.01375e+00
6.02513e-01 8.99836e-01 5.69711e+02 5.98824e+00
6.07494e-01 8.99695e-01 5.42746e+02 5.85209e+00
6.12497e-01 8.99856e-01 5.37828e+02 5.80260e+00
6.17520e-01 9.00127e-01 5.12136e+02 5.67758e+00
6.22518e-01 9.00334e-01 5.02272e+02 5.66384e+00
6.27505e-01 9.00178e-01 4.93769e+02 5.55685e+00
6.32519e-01 8.99834e-01 4.75996e+02 5.49525e+00
6.37522e-01 9.00117e-01 4.53861e+02 5.41151e+00
6.42493e-01 9.00104e-01 4.47663e+02 5.39043e+00
6.47477e-01 8.99597e-01 4.40837e+02 5.29110e+00
6.52493e-01 8.99814e-01 4.26155e+02 5.22917e+00
6.57504e-01 8.99830e-01 4.15348e+02 5.17511e+00
6.62513e-01 9.00195e-01 4.07849e+02 5.11364e+00
6.67522e-01 9.00305e-01 3.93225e+02 5.05577e+00
6.72517e-01 9.00096e-01 3.84244e+02 5.00599e+00
6.77508e-01 9.00234e-01 3.69990e+02 4.94460e+00
6.82508e-01 8.99916e-01 3.56905e+02 4.87635e+00
6.87512e-01 8.99920e-01 3.55751e+02 4.84350e+00
6.92512e-01 9.00063e-01 3.46962e+02 4.79501e+00
6.97524e-01 8.99302e-01 3.27144e+02 4.70650e+00
